simple:
dRRT:
    time: 0.005417585372924805
    length: 7
    iteration: 38
    path: [[25, 25], [75, 75]]
          [[25, 25], [50, 75]]
          [[50, 25], [25, 75]]
          [[75, 25], [25, 50]]
          [[75, 25], [25, 25]]
          [[75, 50], [25, 25]]
          [[75, 75], [25, 25]]  
ao dRRT:
    time: 0.014720439910888672
    length: 6
    iteration: 38
    path: [[25, 25], [75, 75]]
          [[25, 25], [50, 75]]
          [[50, 25], [25, 75]]
          [[75, 25], [25, 50]]
          [[75, 50], [25, 25]]
          [[75, 75], [25, 25]]
dRRT*:
    time: 0.0011622905731201172
    length: 5
    iteration: 4
    path: [[25, 25], [75, 75]]
          [[25, 50], [50, 75]]
          [[25, 75], [50, 50]]
          [[50, 75], [25, 50]]
          [[75, 75], [25, 25]]
complex easy:
dRRT:
    time: 3.303821086883545
    length: 7
    iteration: 976
    path: [[24, 10], [70, 87]]
          [[47, 5], [55, 97]]
          [[68, 3], [47, 89]]
          [[49, 16], [47, 89]]
          [[48, 36], [26, 95]]
          [[70, 32], [24, 73]]
          [[70, 20], [24, 73]]
ao dRRT:
    time: 14.421834230422974
    length: 6
    iteration: 976
    path: [[24, 10], [70, 87]]
          [[47, 5], [55, 97]]
          [[49, 16], [47, 89]]
          [[48, 36], [26, 95]]
          [[70, 32], [24, 73]]
          [[70, 20], [24, 73]]
dRRT*:
    time: 0.03296494483947754
    length: 5
    iteration: 4
    path: [[24, 10], [70, 87]]
          [[47, 5], [55, 97]]
          [[64, 5], [47, 89]]
          [[70, 20], [26, 95]]
          [[70, 20], [24, 73]]
complex hard:
dRRT:
    time: 18.987685441970825
    length: 8
    iteration: 3569
    path: [[51, 71], [50, 33]]
          [[36, 60], [51, 47]]
          [[52, 60], [51, 71]]
          [[51, 38], [71, 59]]
          [[50, 33], [52, 60]]
          [[46, 30], [36, 60]]
          [[46, 30], [48, 61]]
          [[46, 30], [47, 64]]
ao dRRT:
    time: 103.31365132331848
    length: 6
    iteration: 3569
    path: [[51, 71], [50, 33]]
          [[36, 60], [51, 47]]
          [[52, 60], [51, 71]]
          [[51, 38], [71, 59]]
          [[46, 30], [48, 61]]
          [[46, 30], [47, 64]]
dRRT*:
    time: 0.026585817337036133
    length: 4
    iteration: 3
    path: [[51, 71], [50, 33]]
          [[51, 47], [51, 38]]
          [[50, 33], [52, 60]]
          [[46, 30], [47, 64]]
